Number of chunks = 41
******************************
[ 0  1  2  3  4  5  6  7  8  9 10 11]
[ 0  1  2  3  4  5  6  7  8  9 10 11]
[ 0  1  2  3  4  5  6  7  8  9 10 11]
[ 0  1  2  3  4  5  6  7  8  9 10 11]
[ 0  1  2  3  4  5  6  7  8  9 10 11]
[ 0  1  2  3  4  5  6  7  8  9 10 11]
[ 0  1  2  3  4  5  6  7  8  9 10 11]
[ 0  1  2  3  4  5  6  7  8  9 10 11]
[ 0  1  2  3  4  5  6  7  8  9 10 11]
[ 0  1  2  3  4  5  6  7  8  9 10 11]
******************************
Feature   = 0
AVR       = 0.00
STD       = 0.00
Threshold = 0.00
******************************
******************************
[ 0  1  2  3  4  5  6  7  8  9 10 11]
[ 0  1  2  3  4  5  6  7  8  9 10 11]
[ 0  1  2  3  4  5  6  7  8  9 10 11]
[ 0  1  2  3  4  5  6  7  8  9 10 11]
[ 0  1  2  3  4  5  6  7  8  9 10 11]
[ 0  1  2  3  4  5  6  7  8  9 10 11]
[ 0  1  2  3  4  5  6  7  8  9 10 11]
[ 0  1  2  3  4  5  6  7  8  9 10 11]
[ 0  1  2  3  4  5  6  7  8  9 10 11]
[ 0  1  2  3  4  5  6  7  8  9 10 11]
******************************
Feature   = 0
AVR       = 0.00
STD       = 0.00
Threshold = 0.00
******************************
